  1.991320
  0.004030
  2.270000
  0.848330
  1.891120
 -0.280000
  3.684310
  1.624780
  1.215990
  1.283730
  1.701410
  3.166870
  2.327790
  2.262020
  1.912180
  3.531960
 -0.317770
  3.446940
  1.524220
  0.742680
  1.315410
  0.366460
  3.595620
  3.657400
  0.974940
 -0.532800
  1.126810
  0.311230
  0.578340
  1.081630
  0.249770
  0.237920
 -0.326530
  1.147330
  1.193230
  2.589620
  0.011950
  2.638420
  0.420920
  2.588230
 -2.198090
  2.895480
  1.821300
  0.863320
  0.674960
  0.344350
  1.227620
 -2.839910
 -1.816300
 -2.229650
 -1.584570
 -6.311840
 -2.462580
 -5.614790
 -3.538870
  1.017800
 -1.588750
 -1.853960
 -0.256700
  2.422260
 -1.295020
 -0.489770
  1.211670
 -4.854980
 -3.599000
  0.170940
  1.516030
 -1.853040
 -5.604780
 -1.257670
  0.966580
 -3.094510
 -5.267730
 -4.031540
 -1.766180
 -5.739780
  3.830470
  0.520070
 -0.180330
  3.828080
  3.011710
  2.752890
 11.741840
  9.917010
  3.034440
 10.151430
  9.291770
  6.874980
  2.436750
  4.372020
  6.777740
  4.166920
  5.650370
  5.177340
  9.412060
  3.770060
  4.245680
  4.531540
  3.397060
  8.939510
  4.208250
  3.434610
  4.305290

